version https://git-lfs.github.com/spec/v1
oid sha256:c49df405358eae41e613580d80423a4f3b3913866b856ca34d1f8c918b9a668c
size 2068143
